-54.93
-55.93
-57.32
-56.41
-56.06
-55.87
-56.07
-56.19
-55.20
-55.19
-55.84
-56.86
-55.04
-55.03
-57.96
-55.88
-56.07
-56.21
-57.80
-57.00
-56.41
-54.08
-54.62
-56.54
-54.72
-56.39
-55.64
-55.35
-56.17
-55.41
-55.92
-55.43
-53.85
-54.66
-55.75
-57.55
-56.90
-57.30
-57.99
-55.69
-56.47
-56.29
-57.49
-56.37
-56.19
-56.27
-56.49
-56.80
-55.24
-57.76
-54.51
-54.87
-57.40
-57.13
-55.97
-55.74
-55.63
-56.11
-55.70
-58.05
-56.41
-56.76
-56.31
-54.77
-55.91
-56.47
-57.97
-55.25
-54.85
-56.27
-57.20
-55.24
-58.74
-56.62
-55.68
-57.67
-57.07
-54.33
-57.43
-56.49
-57.05
-55.88
-56.52
-57.82
-55.80
-55.35
-56.27
-55.95
-55.73
-57.41
-55.38
-55.81
-56.08
-55.29
-58.90
-55.45
-56.19
-56.00
-54.98
-56.64