76.01
76.61
76.66
76.57
76.08
76.66
76.76
76.81
76.46
76.28
76.47
76.84
76.31
76.77
77.34
76.53
76.52
76.73
76.98
76.49
76.31
76.15
75.71
77.28
75.83
76.26
76.33
76.19
76.21
76.13
76.26
76.01
75.37
76.21
77.15
77.19
76.51
77.18
76.95
76.67
76.46
76.55
76.78
76.69
76.57
76.59
76.70
76.53
76.28
76.90
76.01
76.26
76.77
76.51
76.51
76.17
76.22
76.43
76.45
77.07
76.59
76.61
76.78
75.96
76.72
76.74
77.24
76.45
75.92
76.36
77.00
76.29
76.97
76.54
76.45
76.82
76.74
75.83
77.17
76.59
76.62
76.13
76.48
77.43
76.39
76.22
76.59
76.52
76.11
76.63
76.52
76.45
76.24
75.76
77.86
76.50
76.71
76.18
76.22
77.27